37 37 37 37 37 37 37 37 37 37 37 37 37 37 37 37 37 37 37 37 37 37 37 37 37 37 37 37 37 37 37 37 37 37 37 37 37 37 37 37 37 37 37 37 37 37 37 37 37 37 
37 37 37 37 37 37 37 37 37 37 37 37 37 37 38 37 37 37 37 37 37 37 37 37 37 37 37 37 37 37 37 37 37 37 37 37 37 37 37 37 37 37 37 37 37 37 37 37 37 37 
37 37 37 37 37 37 37 38 37 37 37 37 37 37 37 37 37 37 37 37 37 37 37 37 37 38 37 37 37 37 37 37 37 38 37 37 37 37 37 37 37 37 37 37 37 37 37 37 37 37 
37 37 37 37 38 37 37 37 37 37 63 63 63 63 63 63 63 63 63 63 63 63 63 63 63 63 63 63 63 63 63 63 63 63 63 63 63 63 63 63 63 63 63 63 63 37 37 37 37 37  
37 37 37 37 37 37 37 37 37 38 63 37 37 37 37 38 37 37 37 37 37 37 37 38 37 37 37 37 37 37 37 38 37 37 38 37 37 37 38 37 37 37 37 37 63 37 37 37 37 37 
37 37 37 37 37 37 37 37 37 37 63 37 37 37 37 37 37 37 37 37 37 38 37 37 37 37 37 37 37 38 37 37 37 37 37 37 38 37 37 37 37 37 37 38 63 37 37 37 37 37  
37 37 37 37 37 38 47 45 45 45 63 45 45 45 48 37 37 37 47 45 45 45 45 45 45 45 45 48 37 37 37 47 45 45 45 45 45 45 45 45 45 45 48 37 63 37 37 37 37 37 
37 37 37 37 37 37 43 19 54 54 54 54 54 19 44 45 45 45 46 19 03 03 03 03 03 03 03 44 45 45 45 46 18 03 13 11 11 11 11 11 11 14 42 37 63 38 37 37 37 37 
37 37 38 37 37 37 43 19 54 59 59 59 65 66 66 66 66 66 66 66 03 39 40 40 40 41 03 18 18 18 18 18 18 18 09 04 04 04 04 04 04 08 42 37 63 37 37 37 37 37
37 37 37 37 37 37 43 19 54 59 59 59 54 19 19 19 19 19 19 19 03 42 37 37 37 43 03 18 18 18 18 18 18 18 09 04 04 04 04 04 04 08 42 37 63 37 37 37 37 37 
37 37 37 38 37 37 43 19 54 59 59 59 54 19 19 19 19 19 19 19 03 42 37 37 37 43 03 18 18 18 18 18 18 18 09 04 04 04 04 04 04 08 42 37 63 37 37 37 37 37 
37 37 37 37 38 37 43 19 54 59 59 59 54 19 19 19 19 19 19 19 03 44 45 45 45 46 03 18 18 18 18 18 18 18 09 04 04 04 04 04 04 08 42 37 63 37 37 37 37 37 
37 37 37 37 37 37 43 19 54 54 59 54 54 19 19 19 19 19 19 19 03 03 13 11 14 03 03 18 18 18 18 18 18 18 15 06 06 07 04 05 06 16 42 38 63 37 37 37 37 37 
37 37 37 37 37 37 43 19 19 19 03 19 19 19 19 19 19 19 19 19 19 19 09 04 08 18 18 18 18 18 18 18 18 18 18 18 18 09 04 08 39 40 50 37 63 37 37 37 37 37 
37 37 37 37 38 37 43 19 19 19 03 19 19 19 19 19 19 19 19 19 19 19 09 04 08 18 18 18 18 18 18 18 18 18 18 18 18 09 04 08 42 37 37 37 63 38 37 37 37 37 
37 37 37 37 37 37 49 40 41 19 03 19 19 19 19 19 19 19 19 19 19 19 09 04 08 18 18 18 18 18 18 18 18 18 18 18 18 09 04 08 42 37 37 37 63 37 37 37 37 37 
37 37 37 37 37 37 37 37 43 19 03 19 19 19 19 19 19 19 19 19 19 19 09 04 08 18 18 18 18 18 18 18 18 18 18 18 18 09 04 08 42 37 37 37 63 37 38 37 37 37 
37 37 38 37 37 37 37 47 46 19 03 19 19 19 19 19 19 19 19 19 19 19 09 04 08 18 18 18 18 18 18 18 18 18 18 13 11 12 04 08 42 37 37 38 63 37 37 37 37 37 
37 37 37 37 37 37 37 43 03 03 03 19 19 19 19 19 19 19 19 19 19 19 09 04 08 18 18 18 18 18 18 18 18 18 18 09 04 04 04 08 42 37 37 37 63 37 37 37 37 37 
37 37 37 38 37 37 37 43 03 19 19 19 19 19 19 19 19 19 19 19 19 03 09 04 08 03 18 18 18 18 18 18 18 18 18 09 04 05 06 16 42 37 38 37 63 37 37 37 37 37 
37 37 37 37 37 37 37 43 03 19 19 19 03 13 11 11 11 11 11 11 11 11 12 04 10 11 11 11 11 11 11 11 11 11 11 12 04 08 03 18 42 37 37 37 63 37 37 37 37 37 
37 37 37 37 37 38 37 43 03 19 19 19 02 09 04 04 04 04 04 04 04 04 04 04 04 04 04 04 04 04 04 04 04 04 04 04 04 08 03 39 50 37 37 37 63 37 37 37 37 37 
37 37 37 37 37 37 38 43 03 03 20 20 03 15 06 06 06 06 06 06 06 06 07 04 05 06 06 06 06 06 06 06 06 06 06 07 04 08 03 42 37 38 37 37 63 37 37 37 37 37 
37 37 37 37 37 37 37 49 41 03 20 20 03 20 20 20 20 20 20 20 20 03 09 04 08 03 21 21 21 21 21 21 21 21 21 09 04 08 03 42 37 37 37 37 63 37 37 37 37 37 
37 37 37 37 37 37 37 37 43 03 20 20 03 20 20 20 20 20 20 20 20 20 09 04 08 21 21 21 21 21 21 21 21 21 21 09 04 08 03 42 37 37 37 37 63 37 37 37 37 37 
37 37 37 37 37 38 37 47 46 03 20 20 03 03 03 20 20 20 20 20 20 20 09 04 08 21 21 21 21 21 21 21 21 21 21 09 04 08 03 42 37 37 37 38 63 37 37 37 37 37 
37 37 37 37 37 37 37 43 03 03 20 20 20 20 03 20 20 20 20 20 20 20 09 04 08 21 21 21 21 21 21 21 21 21 21 09 04 08 03 42 37 37 37 37 63 37 37 37 37 37 
37 37 37 38 37 37 37 43 03 20 20 20 20 20 03 20 20 20 20 20 20 20 09 04 08 21 21 03 21 21 21 21 21 21 21 09 04 08 03 42 37 38 37 37 63 37 37 37 37 37 
37 37 37 37 37 37 37 43 03 20 20 20 20 20 03 20 20 20 20 20 20 20 09 04 08 21 21 21 21 21 03 21 21 21 21 09 04 08 03 42 37 37 37 37 63 37 37 37 37 37 
37 37 37 37 37 37 38 43 03 03 03 03 03 03 03 20 20 20 20 20 20 20 09 04 08 21 21 21 21 21 03 21 21 21 21 15 06 16 03 42 37 37 37 37 63 37 37 37 37 37 
37 37 37 37 37 37 37 43 03 03 03 03 03 03 03 20 20 20 20 20 20 20 09 04 08 21 21 21 21 21 21 21 21 21 21 21 03 21 39 50 37 37 38 37 63 37 37 37 37 37 
37 37 37 37 37 37 37 49 41 03 03 03 03 03 03 20 20 20 20 20 20 20 09 04 08 21 21 21 21 21 21 21 21 21 21 03 03 03 42 37 37 37 37 37 63 37 37 37 37 37 
37 37 37 37 37 38 37 37 43 03 03 03 03 03 03 20 20 20 20 20 20 20 09 04 08 21 21 21 21 21 21 21 21 21 21 03 03 03 42 37 37 37 37 37 63 37 38 37 37 37 
37 37 37 37 37 37 37 37 43 03 03 03 03 03 03 20 20 20 20 20 20 20 09 04 08 21 21 21 21 21 21 21 21 21 21 03 03 03 42 37 37 38 37 37 63 37 37 37 37 37 
37 37 37 37 37 37 37 37 43 03 03 03 03 03 03 20 20 20 20 20 20 20 09 04 08 21 21 21 21 21 21 21 21 21 21 03 03 03 42 37 37 37 37 37 63 37 37 37 37 37 
37 37 37 37 38 37 37 47 46 20 20 20 20 20 20 20 20 20 20 20 20 20 15 06 16 21 21 21 21 21 21 21 21 21 21 03 03 03 44 48 37 37 37 37 63 37 37 37 37 37 
37 37 37 37 37 37 37 43 20 20 20 20 20 20 20 20 20 20 20 03 03 03 03 03 03 03 03 21 21 21 21 21 21 21 03 03 03 03 03 44 48 37 37 37 63 37 37 37 37 37 
37 37 37 37 37 37 38 43 20 20 20 20 20 20 20 20 20 20 03 03 03 03 03 03 03 03 03 03 21 21 03 21 21 03 03 03 03 03 03 03 42 37 37 37 63 37 37 37 37 37 
37 37 37 37 37 37 37 43 03 20 20 20 20 20 20 20 20 20 03 03 03 03 03 03 03 03 03 03 21 21 21 21 03 03 03 03 03 03 03 03 42 37 38 37 63 37 37 37 37 37 
37 37 37 37 37 37 37 43 03 20 20 20 20 03 20 20 20 20 03 03 03 03 03 03 03 03 03 03 03 21 21 21 03 03 03 03 03 21 03 03 42 37 37 37 63 37 37 37 37 37 
37 37 38 37 37 37 37 43 03 20 20 20 20 20 20 20 20 20 03 03 03 03 03 03 03 03 03 03 03 03 03 03 03 03 21 03 03 03 03 03 42 37 37 37 63 38 37 37 37 37 
37 37 37 37 37 37 37 43 03 20 20 20 20 03 20 39 40 40 41 03 03 03 03 03 03 03 03 39 40 40 41 03 03 03 03 03 03 03 03 03 42 37 37 37 63 37 37 38 37 37 
37 37 37 37 37 37 37 43 20 20 20 20 20 03 39 50 37 37 49 41 03 03 03 03 03 03 39 50 37 37 43 03 03 21 03 03 21 03 03 03 42 63 63 63 63 37 37 37 37 37 
37 37 37 37 38 37 37 49 40 40 40 40 40 40 50 37 37 37 37 49 40 40 40 40 40 40 50 37 38 37 49 41 03 03 03 03 03 03 39 40 50 37 38 37 37 37 37 37 37 37 
37 37 37 37 37 37 37 37 37 37 37 37 37 37 37 37 37 37 38 37 37 37 37 37 37 37 37 37 37 37 37 49 40 40 40 40 40 40 50 37 37 37 37 37 37 37 38 37 37 37 
37 37 37 37 37 37 37 37 37 37 37 38 37 37 37 37 38 37 37 37 37 37 37 37 37 37 37 37 37 37 37 37 37 37 37 37 38 37 37 37 37 37 37 38 37 37 37 37 37 37 
37 37 37 37 37 37 38 37 37 37 37 37 37 37 37 37 37 37 37 37 37 37 37 37 38 37 37 37 37 38 37 37 37 37 37 37 37 37 37 37 37 37 37 37 37 37 37 37 37 37 
37 37 37 37 37 37 37 37 37 37 37 37 37 37 38 37 37 37 37 37 38 37 37 37 37 37 37 37 37 37 37 37 38 37 37 37 37 37 37 38 37 37 37 37 37 37 37 37 37 37 
37 37 37 37 37 37 37 37 37 37 37 37 37 37 37 37 37 37 37 37 37 37 37 37 37 37 37 38 37 37 37 37 37 37 37 37 37 37 37 37 37 37 37 37 37 38 37 37 37 37 
37 37 37 37 37 37 37 37 37 37 37 37 37 37 37 37 37 37 37 37 37 37 37 37 37 37 37 37 37 37 37 37 37 37 37 37 37 37 37 37 37 37 37 37 37 37 37 37 37 37 