37 37 37 37 37 37 37 37 37 37 37 37 37 37 37 37 37 37 37 37 37 37 37 37 37 37 37 37 37 37 37 37 37 37 37 37 37 37 37 37 37 37 37 37 37 37 37 37 37 37 
37 37 37 37 37 37 37 37 37 37 37 37 37 37 38 37 37 37 37 37 37 37 37 37 37 37 37 37 37 37 37 37 37 37 37 37 37 37 37 37 37 37 37 37 37 37 37 37 37 37 
37 37 37 37 37 37 37 38 37 37 37 37 37 37 37 37 37 37 37 37 37 37 37 37 37 38 37 37 37 37 37 37 37 38 37 37 37 37 37 37 37 37 37 37 37 37 37 37 37 37 
37 37 37 37 38 37 37 37 37 37 63 63 63 63 63 63 63 63 63 63 63 63 63 63 63 63 63 63 63 63 63 63 63 63 63 63 63 63 63 63 63 63 63 63 63 37 37 37 37 37  
37 37 37 37 37 37 37 37 37 38 63 37 37 37 37 38 37 37 37 37 37 37 37 38 37 37 37 37 37 37 37 38 37 37 38 37 37 37 38 37 37 37 37 37 63 37 37 37 37 37 
37 37 37 37 37 37 37 37 37 37 63 37 37 37 37 37 37 37 37 37 37 38 37 37 37 37 37 37 37 38 37 37 37 37 37 37 38 37 37 37 37 37 37 38 63 37 37 37 37 37  
37 37 37 37 37 38 47 45 45 45 63 45 45 45 48 37 37 37 47 45 45 45 45 45 45 45 45 48 37 37 37 47 45 45 45 45 45 45 45 45 45 45 48 37 63 37 37 37 37 37 
37 37 37 37 37 37 43 18 54 54 65 54 54 18 44 45 45 45 46 18 03 03 03 03 03 03 03 44 45 45 45 46 18 03 13 11 11 11 11 11 11 14 42 37 63 38 37 37 37 37 
37 37 38 37 37 37 43 18 54 59 59 59 65 66 66 66 66 66 66 66 03 39 40 40 40 41 03 18 18 18 18 18 18 18 09 04 04 04 04 04 04 08 42 37 63 37 37 37 37 37
37 37 37 37 37 37 43 18 54 59 59 59 54 18 18 18 18 18 18 18 03 42 37 37 37 43 03 18 18 18 18 18 18 18 09 04 04 04 04 04 04 08 42 37 63 37 37 37 37 37 
37 37 37 38 37 37 43 18 54 59 59 59 54 18 18 18 18 18 18 18 03 42 37 37 37 43 03 18 18 18 18 18 18 18 09 04 04 04 04 04 04 08 42 37 63 37 37 37 37 37 
37 37 37 37 38 37 43 18 54 59 59 59 54 18 18 18 18 18 18 18 03 44 45 45 45 46 03 18 18 18 18 18 18 18 09 04 04 04 04 04 04 08 42 37 63 37 37 37 37 37 
37 37 37 37 37 37 43 18 54 54 59 54 54 18 18 18 18 18 18 18 03 03 13 11 14 03 03 18 18 18 18 18 18 18 15 06 06 07 04 05 06 16 42 38 63 37 37 37 37 37 
37 37 37 37 37 37 43 18 18 18 03 18 18 18 18 18 18 18 18 18 18 18 09 04 08 18 18 18 18 18 18 18 18 18 18 18 18 09 04 08 39 40 50 37 63 37 37 37 37 37 
37 37 37 37 38 37 43 18 18 18 03 18 18 18 18 18 18 18 18 18 18 18 09 04 08 18 18 18 18 18 18 18 18 18 18 18 18 09 04 08 42 37 37 37 63 38 37 37 37 37 
37 37 37 37 37 37 49 40 41 18 03 18 18 18 18 18 18 18 18 18 18 18 09 04 08 18 18 18 18 18 18 18 18 18 18 18 18 09 04 08 42 37 37 37 63 37 37 37 37 37 
37 37 37 37 37 37 37 37 43 18 03 18 18 18 18 18 18 18 18 18 18 18 09 04 08 18 18 18 18 18 18 18 18 18 18 18 18 09 04 08 42 37 37 37 63 37 38 37 37 37 
37 37 38 37 37 37 37 47 46 18 03 18 18 18 18 18 18 18 18 18 18 18 09 04 08 18 18 18 18 18 18 18 18 18 18 13 11 12 04 08 42 37 37 38 63 37 37 37 37 37 
37 37 37 37 37 37 37 43 03 03 03 18 18 18 18 18 18 18 18 18 18 18 09 04 08 18 18 18 18 18 18 18 18 18 18 09 04 04 04 08 42 37 37 37 63 37 37 37 37 37 
37 37 37 38 37 37 37 43 03 18 18 18 18 18 18 18 18 18 18 18 18 03 09 04 08 03 18 18 18 18 18 18 18 18 18 09 04 05 06 16 42 37 38 37 63 37 37 37 37 37 
37 37 37 37 37 37 37 43 03 18 18 18 03 13 11 11 11 11 11 11 11 11 12 04 10 11 11 11 11 11 11 11 11 11 11 12 04 08 03 18 42 37 37 37 63 37 37 37 37 37 
37 37 37 37 37 38 37 43 03 18 18 18 02 09 04 04 04 04 04 04 04 04 04 04 04 04 04 04 04 04 04 04 04 04 04 04 04 08 03 39 50 37 37 37 63 37 37 37 37 37 
37 37 37 37 37 37 38 43 03 03 18 18 03 15 06 06 06 06 06 06 06 06 07 04 05 06 06 06 06 06 06 06 06 06 06 07 04 08 03 42 37 38 37 37 63 37 37 37 37 37 
37 37 37 37 37 37 37 49 41 03 18 18 03 18 18 18 18 18 18 18 18 03 09 04 08 03 18 18 18 18 18 18 18 18 18 09 04 08 03 42 37 37 37 37 63 37 37 37 37 37 
37 37 37 37 37 37 37 37 43 03 18 18 03 18 18 18 18 18 18 18 18 18 09 04 08 18 18 18 18 18 18 18 18 18 18 09 04 08 03 42 37 37 37 37 63 37 37 37 37 37 
37 37 37 37 37 38 37 47 46 03 18 18 03 03 03 18 18 18 18 18 18 18 09 04 08 18 18 18 18 18 18 18 18 18 18 09 04 08 03 42 37 37 37 38 63 37 37 37 37 37 
37 37 37 37 37 37 37 43 03 03 18 18 18 18 03 18 18 18 18 18 18 18 09 04 08 18 18 18 18 18 18 18 18 18 18 09 04 08 03 42 37 37 37 37 63 37 37 37 37 37 
37 37 37 38 37 37 37 43 03 18 18 18 18 18 03 18 18 18 18 18 18 18 09 04 08 18 18 03 18 18 18 18 18 18 18 09 04 08 03 42 37 38 37 37 63 37 37 37 37 37 
37 37 37 37 37 37 37 43 03 18 18 18 18 18 03 18 18 18 18 18 18 18 09 04 08 18 18 18 18 18 03 18 18 18 18 09 04 08 03 42 37 37 37 37 63 37 37 37 37 37 
37 37 37 37 37 37 38 43 03 03 03 03 03 03 03 18 18 18 18 18 18 18 09 04 08 18 18 18 18 18 03 18 18 18 18 15 06 16 03 42 37 37 37 37 63 37 37 37 37 37 
37 37 37 37 37 37 37 43 03 03 03 03 03 03 03 18 18 18 18 18 18 18 09 04 08 18 18 18 18 18 18 18 18 18 18 18 03 18 39 50 37 37 38 37 63 37 37 37 37 37 
37 37 37 37 37 37 37 49 41 03 03 03 03 03 03 18 18 18 18 18 18 18 09 04 08 18 18 18 18 18 18 18 18 18 18 03 03 03 42 37 37 37 37 37 63 37 37 37 37 37 
37 37 37 37 37 38 37 37 43 03 03 03 03 03 03 18 18 18 18 18 18 18 09 04 08 18 18 18 18 18 18 18 18 18 18 03 03 03 42 37 37 37 37 37 63 37 38 37 37 37 
37 37 37 37 37 37 37 37 43 03 03 03 03 03 03 18 18 18 18 18 18 18 09 04 08 18 18 18 18 18 18 18 18 18 18 03 03 03 42 37 37 38 37 37 63 37 37 37 37 37 
37 37 37 37 37 37 37 37 43 03 03 03 03 03 03 18 18 18 18 18 18 18 09 04 08 18 18 18 18 18 18 18 18 18 18 03 03 03 42 37 37 37 37 37 63 37 37 37 37 37 
37 37 37 37 38 37 37 47 46 18 18 18 18 18 18 18 18 18 18 18 18 18 15 06 16 18 18 18 18 18 18 18 18 18 18 03 03 03 44 48 37 37 37 37 63 37 37 37 37 37 
37 37 37 37 37 37 37 43 18 18 18 18 18 18 18 18 18 18 18 03 03 03 03 03 03 03 03 18 18 18 18 18 18 18 03 03 03 03 03 44 48 37 37 37 63 37 37 37 37 37 
37 37 37 37 37 37 38 43 18 18 18 18 18 18 18 18 18 18 03 03 03 03 03 03 03 03 03 03 18 18 03 18 18 03 03 03 03 03 03 03 42 37 37 37 63 37 37 37 37 37 
37 37 37 37 37 37 37 43 03 18 18 18 18 18 18 18 18 18 03 03 03 03 03 03 03 03 03 03 18 18 18 18 03 03 03 03 03 03 03 03 42 37 38 37 63 37 37 37 37 37 
37 37 37 37 37 37 37 43 03 18 18 18 18 03 18 18 18 18 03 03 03 03 03 03 03 03 03 03 03 18 18 18 03 03 03 03 03 18 03 03 42 37 37 37 63 37 37 37 37 37 
37 37 38 37 37 37 37 43 03 18 18 18 18 18 18 18 18 18 03 03 03 03 03 03 03 03 03 03 03 03 03 03 03 03 18 03 03 03 03 03 42 37 37 37 63 38 37 37 37 37 
37 37 37 37 37 37 37 43 03 18 18 18 18 03 18 39 40 40 41 03 03 03 03 03 03 03 03 39 40 40 41 03 03 03 03 03 03 03 03 03 42 37 37 37 63 37 37 38 37 37 
37 37 37 37 37 37 37 43 18 18 18 18 18 03 39 50 37 37 49 41 03 03 03 03 03 03 39 50 37 37 43 03 03 18 03 03 18 03 03 03 42 63 63 63 63 37 37 37 37 37 
37 37 37 37 38 37 37 49 40 40 40 40 40 40 50 37 37 37 37 49 40 40 40 40 40 40 50 37 38 37 49 41 03 03 03 03 03 03 39 40 50 37 38 37 37 37 37 37 37 37 
37 37 37 37 37 37 37 37 37 37 37 37 37 37 37 37 37 37 38 37 37 37 37 37 37 37 37 37 37 37 37 49 40 40 40 40 40 40 50 37 37 37 37 37 37 37 38 37 37 37 
37 37 37 37 37 37 37 37 37 37 37 38 37 37 37 37 38 37 37 37 37 37 37 37 37 37 37 37 37 37 37 37 37 37 37 37 38 37 37 37 37 37 37 38 37 37 37 37 37 37 
37 37 37 37 37 37 38 37 37 37 37 37 37 37 37 37 37 37 37 37 37 37 37 37 38 37 37 37 37 38 37 37 37 37 37 37 37 37 37 37 37 37 37 37 37 37 37 37 37 37 
37 37 37 37 37 37 37 37 37 37 37 37 37 37 38 37 37 37 37 37 38 37 37 37 37 37 37 37 37 37 37 37 38 37 37 37 37 37 37 38 37 37 37 37 37 37 37 37 37 37 
37 37 37 37 37 37 37 37 37 37 37 37 37 37 37 37 37 37 37 37 37 37 37 37 37 37 37 38 37 37 37 37 37 37 37 37 37 37 37 37 37 37 37 37 37 38 37 37 37 37 
37 37 37 37 37 37 37 37 37 37 37 37 37 37 37 37 37 37 37 37 37 37 37 37 37 37 37 37 37 37 37 37 37 37 37 37 37 37 37 37 37 37 37 37 37 37 37 37 37 37 