41 41 41 41 41 41 41 41 41 41 41 41 41 41 41 41 41 41 41 41 41 41 41 41 41 41 41 41 41 41 41 41 41 41 41 41 41 41 41 41 41 41 41 41 41 41 41 41 41 41 
41 41 41 41 41 41 41 41 41 41 41 41 41 41 41 41 41 41 41 41 41 41 41 41 41 41 41 41 41 41 41 41 41 41 41 41 41 41 41 41 41 41 41 41 41 41 41 41 41 41 
41 41 41 41 41 41 41 41 41 41 41 41 41 41 41 41 41 41 41 41 10 12 12 12 12 12 10 41 41 41 41 41 41 41 41 41 41 41 41 41 41 41 41 41 41 41 41 41 41 41 
41 41 41 41 41 41 41 41 41 41 41 41 41 41 41 41 41 41 41 41 12 12 12 12 12 12 12 41 41 41 41 41 41 41 41 41 41 41 41 41 41 41 41 41 41 41 41 41 41 41 
41 41 41 41 41 41 41 41 41 41 41 41 41 41 41 41 41 41 41 41 12 12 12 12 12 12 12 41 41 41 41 41 41 41 41 41 41 41 41 41 41 41 41 41 41 41 41 41 41 41 
41 41 41 41 41 41 41 41 41 41 41 41 41 41 41 41 41 41 41 41 12 12 12 12 12 12 12 41 41 41 41 41 41 41 41 41 41 41 41 41 41 41 41 41 41 41 41 41 41 41 
41 41 41 41 41 41 41 41 40 40 40 40 40 41 41 41 41 41 41 41 41 12 12 12 12 12 41 41 41 41 41 41 41 41 41 41 41 41 41 41 41 41 41 41 41 41 41 41 41 41 
41 41 41 41 41 41 41 41 40 42 42 42 40 41 41 41 41 41 41 41 10 10 10 10 10 10 10 41 41 41 41 41 41 10 26 26 26 26 26 26 26 41 41 41 41 41 41 41 41 41 
41 41 41 41 41 41 41 41 40 42 42 42 40 41 41 41 41 41 41 41 41 10 10 10 10 10 41 41 41 41 41 41 41 41 26 26 26 26 26 26 26 26 41 41 41 41 41 41 41 41 
41 41 41 41 41 41 41 41 40 42 42 42 40 41 41 41 41 41 41 41 41 41 10 10 10 41 41 41 41 41 41 41 41 41 26 26 26 26 26 26 26 26 41 41 41 41 41 41 41 41 
41 41 41 41 41 41 41 41 40 42 42 42 40 41 41 41 41 41 41 41 41 41 41 26 41 41 41 41 41 41 41 41 41 41 26 26 26 26 26 26 26 26 41 41 41 41 41 41 41 41 
41 41 41 41 41 41 41 41 40 40 10 40 40 41 41 41 41 41 41 41 41 41 41 26 41 41 41 41 41 41 41 41 41 41 26 26 26 26 26 26 26 26 41 41 41 41 41 41 41 41 
41 41 41 41 41 41 41 41 41 41 10 41 41 41 41 41 41 41 41 41 41 41 41 26 41 41 41 41 41 41 41 41 41 41 41 26 26 26 26 26 26 41 41 41 41 41 41 41 41 41 
41 41 41 41 41 41 41 41 41 41 10 41 41 41 41 41 41 41 41 41 41 41 41 26 41 41 41 41 41 41 41 41 41 41 41 41 41 41 26 41 41 41 41 41 41 41 41 41 41 41 
41 41 41 41 41 41 41 41 41 41 10 41 41 41 41 41 41 41 41 41 41 41 41 26 41 41 41 41 41 41 41 41 41 41 41 41 41 41 26 41 41 41 41 41 41 41 41 41 41 41 
41 41 41 41 41 41 41 41 41 41 10 41 41 41 41 41 41 41 41 41 41 41 41 26 41 41 41 41 41 41 41 41 41 41 41 41 41 41 26 41 41 41 41 41 41 41 41 41 41 41 
41 41 41 41 41 41 41 41 10 10 10 41 41 41 41 41 41 41 41 41 41 41 41 26 41 41 41 41 41 41 41 41 41 41 41 41 41 41 26 41 41 41 41 41 41 41 41 41 41 41 
41 41 41 41 41 41 41 41 10 41 41 41 41 41 41 41 41 41 41 41 41 41 41 26 41 41 41 41 41 41 41 41 41 41 41 41 41 41 26 41 41 41 41 41 41 41 41 41 41 41 
41 41 41 41 41 41 41 41 10 41 41 41 41 41 41 41 41 41 41 41 41 41 10 26 10 41 41 41 41 41 41 41 41 41 41 41 26 26 26 41 41 41 41 41 41 41 41 41 41 41 
41 41 41 41 41 41 41 41 10 41 41 41 41 41 41 41 41 41 41 41 41 10 10 26 10 10 41 41 41 41 41 41 41 41 41 41 26 41 41 41 41 41 41 41 41 41 41 41 41 41 
41 41 41 41 41 41 41 41 10 41 41 41 41 41 41 41 41 41 41 41 10 10 10 26 10 10 10 41 41 41 41 41 41 41 41 26 26 41 41 41 41 41 41 41 41 41 41 41 41 41 
41 41 41 41 41 41 41 41 10 41 41 41 26 26 26 26 26 26 26 26 26 26 26 26 26 26 26 26 26 26 26 26 26 26 26 26 26 41 41 41 41 41 41 41 41 41 41 41 41 41 
41 41 41 41 41 41 41 41 10 41 41 41 10 41 41 41 41 41 41 41 10 10 10 26 10 10 10 41 41 41 41 41 41 41 41 41 26 41 41 41 41 41 41 41 41 41 41 41 41 41 
41 41 41 41 41 41 41 41 10 41 41 41 10 41 41 41 41 41 41 41 41 10 10 26 10 10 41 41 41 41 41 41 41 41 41 41 26 41 41 41 41 41 41 41 41 41 41 41 41 41 
41 41 41 41 41 41 41 41 10 41 41 41 10 41 41 41 41 41 41 41 41 41 10 26 10 41 41 41 41 41 41 41 41 41 41 41 26 41 41 41 41 41 41 41 41 41 41 41 41 41 
41 41 41 41 41 41 41 41 10 41 41 41 10 10 10 41 41 41 41 41 41 41 41 26 41 41 41 41 41 41 41 41 41 41 41 41 26 41 41 41 41 41 41 41 41 41 41 41 41 41 
41 41 41 41 41 41 41 41 10 41 41 41 41 41 10 41 41 41 41 41 41 41 41 26 41 41 41 41 41 41 41 41 41 41 41 41 26 41 41 41 41 41 41 41 41 41 41 41 41 41 
41 41 41 41 41 41 41 41 10 41 41 41 41 41 10 41 41 41 41 41 41 41 41 26 41 41 41 10 41 41 41 41 41 41 41 10 26 41 41 41 41 41 41 41 41 41 41 41 41 41 
41 41 41 41 41 41 41 41 10 41 41 41 41 41 10 41 41 41 41 41 41 41 41 26 41 41 41 41 41 41 10 41 41 41 41 41 26 41 41 41 41 41 41 41 41 41 41 41 41 41 
41 41 41 41 41 41 41 41 10 10 10 10 10 10 10 41 41 41 41 41 41 41 41 26 41 41 41 41 41 41 10 41 41 41 41 41 26 41 41 41 41 41 41 41 41 41 41 41 41 41 
41 41 41 41 41 41 41 41 10 10 10 10 10 10 10 41 41 41 41 41 41 41 41 26 41 41 41 41 41 41 41 41 41 41 41 41 10 41 41 41 41 41 41 41 41 41 41 41 41 41 
41 41 41 41 41 41 41 41 10 10 10 10 10 10 10 41 41 41 41 41 41 41 41 26 41 41 41 41 41 41 41 41 41 41 41 10 10 10 41 41 41 41 41 41 41 41 41 41 41 41 
41 41 41 41 41 41 41 41 10 10 10 10 10 10 10 41 41 41 41 41 41 41 41 26 41 41 41 41 41 41 41 41 41 41 41 10 10 10 41 41 41 41 41 41 41 41 41 41 41 41 
41 41 41 41 41 41 41 41 10 10 10 10 10 10 10 41 41 41 41 41 41 41 41 26 41 41 41 41 41 41 41 41 41 41 41 10 10 10 41 41 41 41 41 41 41 41 41 41 41 41 
41 41 41 41 41 41 41 41 10 10 10 10 10 10 10 41 41 41 41 41 41 41 41 26 41 41 41 41 41 41 41 41 41 41 41 10 10 10 41 41 41 41 41 41 41 41 41 41 41 41 
41 41 41 41 41 41 41 41 41 41 41 41 41 41 41 41 41 41 41 41 41 41 41 26 41 41 41 41 41 41 41 41 41 41 41 10 10 10 41 41 41 41 41 41 41 41 41 41 41 41 
41 41 41 41 41 41 41 41 41 41 41 41 41 41 41 41 41 41 41 10 10 10 10 10 10 10 10 41 41 41 41 41 41 41 10 10 10 10 10 41 41 41 41 41 41 41 41 41 41 41 
41 41 41 41 41 41 41 41 41 41 41 41 41 41 41 41 41 41 10 10 10 10 10 10 10 10 10 10 41 41 10 41 41 10 10 10 10 10 10 41 41 41 41 41 41 41 41 41 41 41 
41 41 41 41 41 41 41 41 41 41 41 41 41 41 41 41 41 41 10 10 10 10 10 10 10 10 10 10 41 41 41 41 10 10 10 10 10 10 10 41 41 41 41 41 41 41 41 41 41 41 
41 41 41 41 41 41 41 41 41 41 41 41 41 10 41 41 41 41 10 10 10 10 10 10 10 10 10 10 10 41 41 41 10 10 10 10 10 41 10 41 41 41 41 41 41 41 41 41 41 41 
41 41 41 41 41 41 41 41 41 41 41 41 41 41 41 41 41 41 10 10 10 10 10 10 10 10 10 10 10 10 10 10 10 10 41 10 10 10 10 41 41 41 41 41 41 41 41 41 41 41 
41 41 41 41 41 41 41 41 41 41 41 41 41 10 41 41 41 41 41 10 10 10 10 10 10 10 10 41 41 41 41 10 10 10 10 10 10 10 10 41 41 41 41 41 41 41 41 41 41 41 
41 41 41 41 41 41 41 41 41 41 41 41 41 41 41 41 41 41 41 41 10 10 10 10 10 10 41 41 41 41 41 10 10 41 10 10 41 10 10 41 41 41 41 41 41 41 41 41 41 41 
41 41 41 41 41 41 41 41 41 41 41 41 41 41 41 41 41 41 41 41 41 41 41 41 41 41 41 41 41 41 41 41 10 10 10 10 10 10 41 41 41 41 41 41 41 41 41 41 41 41 
41 41 41 41 41 41 41 41 41 41 41 41 41 41 41 41 41 41 41 41 41 41 41 41 41 41 41 41 41 41 41 41 41 41 41 41 41 41 41 41 41 41 41 41 41 41 41 41 41 41 
41 41 41 41 41 41 41 41 41 41 41 41 41 41 41 41 41 41 41 41 41 41 41 41 41 41 41 41 41 41 41 41 41 41 41 41 41 41 41 41 41 41 41 41 41 41 41 41 41 41 
41 41 41 41 41 41 41 41 41 41 41 41 41 41 41 41 41 41 41 41 41 41 41 41 41 41 41 41 41 41 41 41 41 41 41 41 41 41 41 41 41 41 41 41 41 41 41 41 41 41 
41 41 41 41 41 41 41 41 41 41 41 41 41 41 41 41 41 41 41 41 41 41 41 41 41 41 41 41 41 41 41 41 41 41 41 41 41 41 41 41 41 41 41 41 41 41 41 41 41 41 
41 41 41 41 41 41 41 41 41 41 41 41 41 41 41 41 41 41 41 41 41 41 41 41 41 41 41 41 41 41 41 41 41 41 41 41 41 41 41 41 41 41 41 41 41 41 41 41 41 41 
41 41 41 41 41 41 41 41 41 41 41 41 41 41 41 41 41 41 41 41 41 41 41 41 41 41 41 41 41 41 41 41 41 41 41 41 41 41 41 41 41 41 41 41 41 41 41 41 41 41 